model_ref
1 1.000000 1
757 180 358 16
       0 13088.48 11262.20  3667.80   1327.6     84.6 11262.20  3667.80  1.00000
    6824 13088.47 11262.20  3667.79   1327.6     84.6 11262.20  3667.79  1.00000
   13648 13088.44 11262.18  3667.78   1327.6     84.6 11262.18  3667.78  1.00000
   20472 13088.39 11262.14  3667.75   1327.6     84.6 11262.14  3667.75  1.00000
   27296 13088.32 11262.09  3667.72   1327.6     84.6 11262.09  3667.72  1.00000
   34120 13088.22 11262.02  3667.67   1327.6     84.6 11262.02  3667.67  1.00000
   40944 13088.11 11261.94  3667.62   1327.6     84.6 11261.94  3667.62  1.00000
   47768 13087.98 11261.85  3667.55   1327.6     84.6 11261.85  3667.55  1.00000
   54592 13087.83 11261.74  3667.47   1327.6     84.6 11261.74  3667.47  1.00000
   61416 13087.66 11261.61  3667.39   1327.6     84.6 11261.61  3667.39  1.00000
   68240 13087.46 11261.47  3667.29   1327.6     84.6 11261.47  3667.29  1.00000
   75064 13087.25 11261.32  3667.18   1327.6     84.6 11261.32  3667.18  1.00000
   81888 13087.02 11261.15  3667.06   1327.6     84.6 11261.15  3667.06  1.00000
   88712 13086.76 11260.97  3666.94   1327.6     84.6 11260.97  3666.94  1.00000
   95536 13086.49 11260.77  3666.80   1327.6     84.6 11260.77  3666.80  1.00000
  102360 13086.20 11260.56  3666.65   1327.6     84.6 11260.56  3666.65  1.00000
  109184 13085.88 11260.34  3666.49   1327.6     84.6 11260.34  3666.49  1.00000
  116007 13085.55 11260.09  3666.32   1327.6     84.6 11260.09  3666.32  1.00000
  122831 13085.19 11259.84  3666.15   1327.6     84.6 11259.84  3666.15  1.00000
  129655 13084.82 11259.57  3665.96   1327.6     84.6 11259.57  3665.96  1.00000
  136479 13084.42 11259.28  3665.76   1327.6     84.6 11259.28  3665.76  1.00000
  143303 13084.01 11258.99  3665.55   1327.6     84.6 11258.99  3665.55  1.00000
  150127 13083.57 11258.67  3665.33   1327.6     84.6 11258.67  3665.33  1.00000
  156951 13083.11 11258.34  3665.10   1327.6     84.6 11258.34  3665.10  1.00000
  163775 13082.64 11258.00  3664.86   1327.6     84.6 11258.00  3664.86  1.00000
  170599 13082.14 11257.64  3664.61   1327.6     84.6 11257.64  3664.61  1.00000
  177423 13081.62 11257.27  3664.35   1327.6     84.6 11257.27  3664.35  1.00000
  184247 13081.09 11256.88  3664.08   1327.6     84.6 11256.88  3664.08  1.00000
  191071 13080.53 11256.48  3663.80   1327.6     84.6 11256.48  3663.80  1.00000
  197895 13079.95 11256.06  3663.51   1327.6     84.6 11256.06  3663.51  1.00000
  204719 13079.35 11255.63  3663.21   1327.6     84.6 11255.63  3663.21  1.00000
  211543 13078.73 11255.19  3662.90   1327.6     84.6 11255.19  3662.90  1.00000
  218367 13078.09 11254.73  3662.57   1327.6     84.6 11254.73  3662.57  1.00000
  225191 13077.44 11254.25  3662.24   1327.6     84.6 11254.25  3662.24  1.00000
  232015 13076.76 11253.76  3661.90   1327.6     84.6 11253.76  3661.90  1.00000
  238839 13076.06 11253.26  3661.55   1327.6     84.6 11253.26  3661.55  1.00000
  245663 13075.34 11252.74  3661.19   1327.6     84.6 11252.74  3661.19  1.00000
  252487 13074.60 11252.21  3660.81   1327.6     84.6 11252.21  3660.81  1.00000
  259311 13073.84 11251.66  3660.43   1327.6     84.6 11251.66  3660.43  1.00000
  266135 13073.06 11251.10  3660.04   1327.6     84.6 11251.10  3660.04  1.00000
  272959 13072.25 11250.52  3659.64   1327.6     84.6 11250.52  3659.64  1.00000
  279783 13071.43 11249.93  3659.22   1327.6     84.6 11249.93  3659.22  1.00000
  286607 13070.59 11249.33  3658.80   1327.6     84.6 11249.33  3658.80  1.00000
  293431 13069.73 11248.71  3658.36   1327.6     84.6 11248.71  3658.36  1.00000
  300255 13068.85 11248.07  3657.92   1327.6     84.6 11248.07  3657.92  1.00000
  307079 13067.95 11247.42  3657.47   1327.6     84.6 11247.42  3657.47  1.00000
  313903 13067.02 11246.76  3657.00   1327.6     84.6 11246.76  3657.00  1.00000
  320727 13066.08 11246.08  3656.53   1327.6     84.6 11246.08  3656.53  1.00000
  327551 13065.12 11245.38  3656.04   1327.6     84.6 11245.38  3656.04  1.00000
  334375 13064.13 11244.67  3655.55   1327.6     84.6 11244.67  3655.55  1.00000
  341199 13063.13 11243.95  3655.04   1327.6     84.6 11243.95  3655.04  1.00000
  348022 13062.10 11243.21  3654.53   1327.6     84.6 11243.21  3654.53  1.00000
  354846 13061.06 11242.46  3654.00   1327.6     84.6 11242.46  3654.00  1.00000
  361670 13060.00 11241.70  3653.47   1327.6     84.6 11241.70  3653.47  1.00000
  368494 13058.91 11240.91  3652.92   1327.6     84.6 11240.91  3652.92  1.00000
  375318 13057.81 11240.12  3652.36   1327.6     84.6 11240.12  3652.36  1.00000
  382142 13056.68 11239.31  3651.80   1327.6     84.6 11239.31  3651.80  1.00000
  388966 13055.53 11238.48  3651.22   1327.6     84.6 11238.48  3651.22  1.00000
  395790 13054.37 11237.64  3650.63   1327.6     84.6 11237.64  3650.63  1.00000
  402614 13053.18 11236.79  3650.04   1327.6     84.6 11236.79  3650.04  1.00000
  409438 13051.98 11235.92  3649.43   1327.6     84.6 11235.92  3649.43  1.00000
  416262 13050.75 11235.04  3648.81   1327.6     84.6 11235.04  3648.81  1.00000
  423086 13049.50 11234.14  3648.19   1327.6     84.6 11234.14  3648.19  1.00000
  429910 13048.23 11233.23  3647.55   1327.6     84.6 11233.23  3647.55  1.00000
  436734 13046.95 11232.30  3646.90   1327.6     84.6 11232.30  3646.90  1.00000
  443558 13045.64 11231.36  3646.24   1327.6     84.6 11231.36  3646.24  1.00000
  450382 13044.31 11230.40  3645.57   1327.6     84.6 11230.40  3645.57  1.00000
  457206 13042.96 11229.43  3644.89   1327.6     84.6 11229.43  3644.89  1.00000
  464030 13041.59 11228.44  3644.21   1327.6     84.6 11228.44  3644.21  1.00000
  470854 13040.20 11227.44  3643.51   1327.6     84.6 11227.44  3643.51  1.00000
  477678 13038.79 11226.43  3642.80   1327.6     84.6 11226.43  3642.80  1.00000
  484502 13037.36 11225.40  3642.08   1327.6     84.6 11225.40  3642.08  1.00000
  491326 13035.91 11224.36  3641.35   1327.6     84.6 11224.36  3641.35  1.00000
  498150 13034.44 11223.30  3640.61   1327.6     84.6 11223.30  3640.61  1.00000
  504974 13032.95 11222.22  3639.86   1327.6     84.6 11222.22  3639.86  1.00000
  511798 13031.44 11221.14  3639.10   1327.6     84.6 11221.14  3639.10  1.00000
  518622 13029.91 11220.03  3638.33   1327.6     84.6 11220.03  3638.33  1.00000
  525446 13028.36 11218.92  3637.55   1327.6     84.6 11218.92  3637.55  1.00000
  532270 13026.79 11217.78  3636.76   1327.6     84.6 11217.78  3636.76  1.00000
  539094 13025.20 11216.64  3635.96   1327.6     84.6 11216.64  3635.96  1.00000
  545918 13023.58 11215.48  3635.14   1327.6     84.6 11215.48  3635.14  1.00000
  552742 13021.95 11214.30  3634.32   1327.6     84.6 11214.30  3634.32  1.00000
  559566 13020.30 11213.11  3633.49   1327.6     84.6 11213.11  3633.49  1.00000
  566390 13018.63 11211.91  3632.65   1327.6     84.6 11211.91  3632.65  1.00000
  573214 13016.93 11210.69  3631.80   1327.6     84.6 11210.69  3631.80  1.00000
  580037 13015.22 11209.45  3630.93   1327.6     84.6 11209.45  3630.93  1.00000
  586861 13013.49 11208.21  3630.06   1327.6     84.6 11208.21  3630.06  1.00000
  593685 13011.73 11206.94  3629.18   1327.6     84.6 11206.94  3629.18  1.00000
  600509 13009.96 11205.67  3628.29   1327.6     84.6 11205.67  3628.29  1.00000
  607333 13008.16 11204.37  3627.38   1327.6     84.6 11204.37  3627.38  1.00000
  614157 13006.35 11203.07  3626.47   1327.6     84.6 11203.07  3626.47  1.00000
  620981 13004.51 11201.74  3625.55   1327.6     84.6 11201.74  3625.55  1.00000
  627805 13002.66 11200.41  3624.61   1327.6     84.6 11200.41  3624.61  1.00000
  634629 13000.78 11199.06  3623.67   1327.6     84.6 11199.06  3623.67  1.00000
  641453 12998.88 11197.69  3622.71   1327.6     84.6 11197.69  3622.71  1.00000
  648277 12996.97 11196.31  3621.75   1327.6     84.6 11196.31  3621.75  1.00000
  655101 12995.03 11194.92  3620.78   1327.6     84.6 11194.92  3620.78  1.00000
  661925 12993.07 11193.51  3619.79   1327.6     84.6 11193.51  3619.79  1.00000
  668749 12991.10 11192.09  3618.80   1327.6     84.6 11192.09  3618.80  1.00000
  675573 12989.10 11190.65  3617.79   1327.6     84.6 11190.65  3617.79  1.00000
  682397 12987.08 11189.19  3616.78   1327.6     84.6 11189.19  3616.78  1.00000
  689221 12985.04 11187.73  3615.75   1327.6     84.6 11187.73  3615.75  1.00000
  696045 12982.99 11186.24  3614.71   1327.6     84.6 11186.24  3614.71  1.00000
  702869 12980.91 11184.75  3613.67   1327.6     84.6 11184.75  3613.67  1.00000
  709693 12978.81 11183.24  3612.61   1327.6     84.6 11183.24  3612.61  1.00000
  716517 12976.69 11181.71  3611.55   1327.6     84.6 11181.71  3611.55  1.00000
  723341 12974.55 11180.17  3610.47   1327.6     84.6 11180.17  3610.47  1.00000
  730165 12972.39 11178.61  3609.38   1327.6     84.6 11178.61  3609.38  1.00000
  736989 12970.21 11177.04  3608.28   1327.6     84.6 11177.04  3608.28  1.00000
  743813 12968.01 11175.46  3607.18   1327.6     84.6 11175.46  3607.18  1.00000
  750637 12965.79 11173.86  3606.06   1327.6     84.6 11173.86  3606.06  1.00000
  757461 12963.55 11172.25  3604.93   1327.6     84.6 11172.25  3604.93  1.00000
  764285 12961.29 11170.62  3603.79   1327.6     84.6 11170.62  3603.79  1.00000
  771109 12959.01 11168.98  3602.65   1327.6     84.6 11168.98  3602.65  1.00000
  777933 12956.70 11167.32  3601.49   1327.6     84.6 11167.32  3601.49  1.00000
  784757 12954.38 11165.65  3600.32   1327.6     84.6 11165.65  3600.32  1.00000
  791581 12952.04 11163.96  3599.14   1327.6     84.6 11163.96  3599.14  1.00000
  798405 12949.68 11162.26  3597.95   1327.6     84.6 11162.26  3597.95  1.00000
  805229 12947.29 11160.54  3596.75   1327.6     84.6 11160.54  3596.75  1.00000
  812052 12944.89 11158.81  3595.54   1327.6     84.6 11158.81  3595.54  1.00000
  818876 12942.47 11157.07  3594.32   1327.6     84.6 11157.07  3594.32  1.00000
  825700 12940.02 11155.31  3593.10   1327.6     84.6 11155.31  3593.10  1.00000
  832524 12937.56 11153.54  3591.86   1327.6     84.6 11153.54  3591.86  1.00000
  839348 12935.08 11151.75  3590.61   1327.6     84.6 11151.75  3590.61  1.00000
  846172 12932.57 11149.94  3589.34   1327.6     84.6 11149.94  3589.34  1.00000
  852996 12930.05 11148.13  3588.07   1327.6     84.6 11148.13  3588.07  1.00000
  859820 12927.50 11146.29  3586.79   1327.6     84.6 11146.29  3586.79  1.00000
  866644 12924.94 11144.45  3585.50   1327.6     84.6 11144.45  3585.50  1.00000
  873468 12922.35 11142.58  3584.20   1327.6     84.6 11142.58  3584.20  1.00000
  880292 12919.75 11140.71  3582.89   1327.6     84.6 11140.71  3582.89  1.00000
  887116 12917.12 11138.82  3581.57   1327.6     84.6 11138.82  3581.57  1.00000
  893940 12914.47 11136.91  3580.24   1327.6     84.6 11136.91  3580.24  1.00000
  900764 12911.81 11134.99  3578.90   1327.6     84.6 11134.99  3578.90  1.00000
  907588 12909.12 11133.06  3577.54   1327.6     84.6 11133.06  3577.54  1.00000
  914412 12906.41 11131.11  3576.18   1327.6     84.6 11131.11  3576.18  1.00000
  921236 12903.68 11129.14  3574.81   1327.6     84.6 11129.14  3574.81  1.00000
  928060 12900.94 11127.16  3573.43   1327.6     84.6 11127.16  3573.43  1.00000
  934884 12898.17 11125.17  3572.03   1327.6     84.6 11125.17  3572.03  1.00000
  941708 12895.38 11123.16  3570.63   1327.6     84.6 11123.16  3570.63  1.00000
  948532 12892.57 11121.14  3569.22   1327.6     84.6 11121.14  3569.22  1.00000
  955356 12889.74 11119.10  3567.79   1327.6     84.6 11119.10  3567.79  1.00000
  962180 12886.89 11117.05  3566.36   1327.6     84.6 11117.05  3566.36  1.00000
  969004 12884.02 11114.99  3564.91   1327.6     84.6 11114.99  3564.91  1.00000
  975828 12881.13 11112.90  3563.46   1327.6     84.6 11112.90  3563.46  1.00000
  982652 12878.22 11110.81  3562.00   1327.6     84.6 11110.81  3562.00  1.00000
  989476 12875.29 11108.70  3560.52   1327.6     84.6 11108.70  3560.52  1.00000
  996300 12872.34 11106.57  3559.04   1327.6     84.6 11106.57  3559.04  1.00000
 1003124 12869.37 11104.44  3557.54   1327.6     84.6 11104.44  3557.54  1.00000
 1009948 12866.38 11102.28  3556.04   1327.6     84.6 11102.28  3556.04  1.00000
 1016772 12863.37 11100.11  3554.52   1327.6     84.6 11100.11  3554.52  1.00000
 1023596 12860.34 11097.93  3553.00   1327.6     84.6 11097.93  3553.00  1.00000
 1030420 12857.29 11095.73  3551.46   1327.6     84.6 11095.73  3551.46  1.00000
 1037244 12854.21 11093.52  3549.91   1327.6     84.6 11093.52  3549.91  1.00000
 1044067 12851.12 11091.29  3548.36   1327.6     84.6 11091.29  3548.36  1.00000
 1050891 12848.01 11089.05  3546.79   1327.6     84.6 11089.05  3546.79  1.00000
 1057715 12844.88 11086.80  3545.21   1327.6     84.6 11086.80  3545.21  1.00000
 1064539 12841.72 11084.53  3543.63   1327.6     84.6 11084.53  3543.63  1.00000
 1071363 12838.55 11082.24  3542.03   1327.6     84.6 11082.24  3542.03  1.00000
 1078187 12835.35 11079.94  3540.42   1327.6     84.6 11079.94  3540.42  1.00000
 1085011 12832.14 11077.63  3538.81   1327.6     84.6 11077.63  3538.81  1.00000
 1091835 12828.91 11075.30  3537.18   1327.6     84.6 11075.30  3537.18  1.00000
 1098659 12825.65 11072.95  3535.54   1327.6     84.6 11072.95  3535.54  1.00000
 1105483 12822.38 11070.59  3533.89   1327.6     84.6 11070.59  3533.89  1.00000
 1112307 12819.08 11068.22  3532.23   1327.6     84.6 11068.22  3532.23  1.00000
 1119131 12815.76 11065.83  3530.57   1327.6     84.6 11065.83  3530.57  1.00000
 1125955 12812.43 11063.43  3528.89   1327.6     84.6 11063.43  3528.89  1.00000
 1132779 12809.07 11061.02  3527.20   1327.6     84.6 11061.02  3527.20  1.00000
 1139603 12805.70 11058.58  3525.50   1327.6     84.6 11058.58  3525.50  1.00000
 1146427 12802.30 11056.14  3523.79   1327.6     84.6 11056.14  3523.79  1.00000
 1153251 12798.88 11053.68  3522.07   1327.6     84.6 11053.68  3522.07  1.00000
 1160075 12795.44 11051.20  3520.34   1327.6     84.6 11051.20  3520.34  1.00000
 1166899 12791.99 11048.71  3518.60   1327.6     84.6 11048.71  3518.60  1.00000
 1173723 12788.51 11046.21  3516.85   1327.6     84.6 11046.21  3516.85  1.00000
 1180547 12785.01 11043.69  3515.09   1327.6     84.6 11043.69  3515.09  1.00000
 1187371 12781.49 11041.16  3513.32   1327.6     84.6 11041.16  3513.32  1.00000
 1194195 12777.95 11038.61  3511.54   1327.6     84.6 11038.61  3511.54  1.00000
 1201019 12774.40 11036.05  3509.75   1327.6     84.6 11036.05  3509.75  1.00000
 1207843 12770.82 11033.47  3507.95   1327.6     84.6 11033.47  3507.95  1.00000
 1214667 12767.22 11030.88  3506.13   1327.6     84.6 11030.88  3506.13  1.00000
 1221491 12763.60 11028.27  3504.31   1327.6     84.6 11028.27  3504.31  1.00000
 1221491 12166.35 10355.69     0.00  57822.5      0.0 10355.69     0.00  1.00000
 1234250 12159.77 10348.28     0.00  57822.5      0.0 10348.28     0.00  1.00000
 1247010 12153.14 10340.85     0.00  57822.5      0.0 10340.85     0.00  1.00000
 1259770 12146.45 10333.39     0.00  57822.5      0.0 10333.39     0.00  1.00000
 1272530 12139.71 10325.91     0.00  57822.5      0.0 10325.91     0.00  1.00000
 1285289 12132.91 10318.40     0.00  57822.5      0.0 10318.40     0.00  1.00000
 1298049 12126.05 10310.87     0.00  57822.5      0.0 10310.87     0.00  1.00000
 1310809 12119.14 10303.30     0.00  57822.5      0.0 10303.30     0.00  1.00000
 1323568 12112.18 10295.71     0.00  57822.5      0.0 10295.71     0.00  1.00000
 1336328 12105.15 10288.09     0.00  57822.5      0.0 10288.09     0.00  1.00000
 1349088 12098.07 10280.44     0.00  57822.5      0.0 10280.44     0.00  1.00000
 1361847 12090.93 10272.76     0.00  57822.5      0.0 10272.76     0.00  1.00000
 1374607 12083.73 10265.04     0.00  57822.5      0.0 10265.04     0.00  1.00000
 1387367 12076.48 10257.30     0.00  57822.5      0.0 10257.30     0.00  1.00000
 1400127 12069.17 10249.52     0.00  57822.5      0.0 10249.52     0.00  1.00000
 1412886 12061.80 10241.71     0.00  57822.5      0.0 10241.71     0.00  1.00000
 1425646 12054.37 10233.86     0.00  57822.5      0.0 10233.86     0.00  1.00000
 1438406 12046.88 10225.98     0.00  57822.5      0.0 10225.98     0.00  1.00000
 1451165 12039.33 10218.06     0.00  57822.5      0.0 10218.06     0.00  1.00000
 1463925 12031.72 10210.11     0.00  57822.5      0.0 10210.11     0.00  1.00000
 1476685 12024.05 10202.12     0.00  57822.5      0.0 10202.12     0.00  1.00000
 1489444 12016.33 10194.10     0.00  57822.5      0.0 10194.10     0.00  1.00000
 1502204 12008.54 10186.04     0.00  57822.5      0.0 10186.04     0.00  1.00000
 1514964 12000.69 10177.94     0.00  57822.5      0.0 10177.94     0.00  1.00000
 1527724 11992.78 10169.79     0.00  57822.5      0.0 10169.79     0.00  1.00000
 1540483 11984.81 10161.61     0.00  57822.5      0.0 10161.61     0.00  1.00000
 1553243 11976.78 10153.39     0.00  57822.5      0.0 10153.39     0.00  1.00000
 1566003 11968.68 10145.13     0.00  57822.5      0.0 10145.13     0.00  1.00000
 1578762 11960.53 10136.83     0.00  57822.5      0.0 10136.83     0.00  1.00000
 1591522 11952.31 10128.48     0.00  57822.5      0.0 10128.48     0.00  1.00000
 1604282 11944.03 10120.09     0.00  57822.5      0.0 10120.09     0.00  1.00000
 1617041 11935.69 10111.66     0.00  57822.5      0.0 10111.66     0.00  1.00000
 1629801 11927.28 10103.18     0.00  57822.5      0.0 10103.18     0.00  1.00000
 1642561 11918.81 10094.66     0.00  57822.5      0.0 10094.66     0.00  1.00000
 1655321 11910.28 10086.09     0.00  57822.5      0.0 10086.09     0.00  1.00000
 1668080 11901.68 10077.48     0.00  57822.5      0.0 10077.48     0.00  1.00000
 1680840 11893.02 10068.82     0.00  57822.5      0.0 10068.82     0.00  1.00000
 1693600 11884.30 10060.11     0.00  57822.5      0.0 10060.11     0.00  1.00000
 1706359 11875.51 10051.35     0.00  57822.5      0.0 10051.35     0.00  1.00000
 1719119 11866.66 10042.54     0.00  57822.5      0.0 10042.54     0.00  1.00000
 1731879 11857.74 10033.69     0.00  57822.5      0.0 10033.69     0.00  1.00000
 1744638 11848.75 10024.78     0.00  57822.5      0.0 10024.78     0.00  1.00000
 1757398 11839.70 10015.82     0.00  57822.5      0.0 10015.82     0.00  1.00000
 1770158 11830.58 10006.82     0.00  57822.5      0.0 10006.82     0.00  1.00000
 1782918 11821.40  9997.75     0.00  57822.5      0.0  9997.75     0.00  1.00000
 1795677 11812.15  9988.64     0.00  57822.5      0.0  9988.64     0.00  1.00000
 1808437 11802.84  9979.47     0.00  57822.5      0.0  9979.47     0.00  1.00000
 1821197 11793.45  9970.25     0.00  57822.5      0.0  9970.25     0.00  1.00000
 1833956 11784.01  9960.97     0.00  57822.5      0.0  9960.97     0.00  1.00000
 1846716 11774.49  9951.64     0.00  57822.5      0.0  9951.64     0.00  1.00000
 1859476 11764.90  9942.25     0.00  57822.5      0.0  9942.25     0.00  1.00000
 1872235 11755.25  9932.81     0.00  57822.5      0.0  9932.81     0.00  1.00000
 1884995 11745.53  9923.31     0.00  57822.5      0.0  9923.31     0.00  1.00000
 1897755 11735.74  9913.75     0.00  57822.5      0.0  9913.75     0.00  1.00000
 1910515 11725.88  9904.13     0.00  57822.5      0.0  9904.13     0.00  1.00000
 1923274 11715.95  9894.45     0.00  57822.5      0.0  9894.45     0.00  1.00000
 1936034 11705.95  9884.71     0.00  57822.5      0.0  9884.71     0.00  1.00000
 1948794 11695.89  9874.91     0.00  57822.5      0.0  9874.91     0.00  1.00000
 1961553 11685.75  9865.05     0.00  57822.5      0.0  9865.05     0.00  1.00000
 1974313 11675.54  9855.13     0.00  57822.5      0.0  9855.13     0.00  1.00000
 1987073 11665.26  9845.14     0.00  57822.5      0.0  9845.14     0.00  1.00000
 1999832 11654.92  9835.09     0.00  57822.5      0.0  9835.09     0.00  1.00000
 2012592 11644.50  9824.98     0.00  57822.5      0.0  9824.98     0.00  1.00000
 2025352 11634.01  9814.80     0.00  57822.5      0.0  9814.80     0.00  1.00000
 2038112 11623.44  9804.56     0.00  57822.5      0.0  9804.56     0.00  1.00000
 2050871 11612.81  9794.25     0.00  57822.5      0.0  9794.25     0.00  1.00000
 2063631 11602.10  9783.87     0.00  57822.5      0.0  9783.87     0.00  1.00000
 2076391 11591.32  9773.43     0.00  57822.5      0.0  9773.43     0.00  1.00000
 2089150 11580.47  9762.92     0.00  57822.5      0.0  9762.92     0.00  1.00000
 2101910 11569.55  9752.34     0.00  57822.5      0.0  9752.34     0.00  1.00000
 2114670 11558.55  9741.69     0.00  57822.5      0.0  9741.69     0.00  1.00000
 2127429 11547.48  9730.97     0.00  57822.5      0.0  9730.97     0.00  1.00000
 2140189 11536.34  9720.18     0.00  57822.5      0.0  9720.18     0.00  1.00000
 2152949 11525.12  9709.32     0.00  57822.5      0.0  9709.32     0.00  1.00000
 2165709 11513.83  9698.39     0.00  57822.5      0.0  9698.39     0.00  1.00000
 2178468 11502.46  9687.38     0.00  57822.5      0.0  9687.38     0.00  1.00000
 2191228 11491.02  9676.31     0.00  57822.5      0.0  9676.31     0.00  1.00000
 2203988 11479.51  9665.15     0.00  57822.5      0.0  9665.15     0.00  1.00000
 2216747 11467.91  9653.93     0.00  57822.5      0.0  9653.93     0.00  1.00000
 2229507 11456.25  9642.63     0.00  57822.5      0.0  9642.63     0.00  1.00000
 2242267 11444.50  9631.25     0.00  57822.5      0.0  9631.25     0.00  1.00000
 2255026 11432.69  9619.80     0.00  57822.5      0.0  9619.80     0.00  1.00000
 2267786 11420.79  9608.27     0.00  57822.5      0.0  9608.27     0.00  1.00000
 2280546 11408.82  9596.66     0.00  57822.5      0.0  9596.66     0.00  1.00000
 2293306 11396.77  9584.97     0.00  57822.5      0.0  9584.97     0.00  1.00000
 2306065 11384.64  9573.20     0.00  57822.5      0.0  9573.20     0.00  1.00000
 2318825 11372.44  9561.36     0.00  57822.5      0.0  9561.36     0.00  1.00000
 2331585 11360.16  9549.43     0.00  57822.5      0.0  9549.43     0.00  1.00000
 2344344 11347.80  9537.43     0.00  57822.5      0.0  9537.43     0.00  1.00000
 2357104 11335.37  9525.34     0.00  57822.5      0.0  9525.34     0.00  1.00000
 2369864 11322.85  9513.17     0.00  57822.5      0.0  9513.17     0.00  1.00000
 2382623 11310.26  9500.91     0.00  57822.5      0.0  9500.91     0.00  1.00000
 2395383 11297.58  9488.57     0.00  57822.5      0.0  9488.57     0.00  1.00000
 2408143 11284.83  9476.15     0.00  57822.5      0.0  9476.15     0.00  1.00000
 2420903 11272.00  9463.64     0.00  57822.5      0.0  9463.64     0.00  1.00000
 2433662 11259.09  9451.05     0.00  57822.5      0.0  9451.05     0.00  1.00000
 2446422 11246.10  9438.37     0.00  57822.5      0.0  9438.37     0.00  1.00000
 2459182 11233.03  9425.61     0.00  57822.5      0.0  9425.61     0.00  1.00000
 2471941 11219.87  9412.75     0.00  57822.5      0.0  9412.75     0.00  1.00000
 2484701 11206.64  9399.81     0.00  57822.5      0.0  9399.81     0.00  1.00000
 2497461 11193.33  9386.78     0.00  57822.5      0.0  9386.78     0.00  1.00000
 2510220 11179.93  9373.66     0.00  57822.5      0.0  9373.66     0.00  1.00000
 2522980 11166.45  9360.45     0.00  57822.5      0.0  9360.45     0.00  1.00000
 2535740 11152.89  9347.15     0.00  57822.5      0.0  9347.15     0.00  1.00000
 2548500 11139.25  9333.76     0.00  57822.5      0.0  9333.76     0.00  1.00000
 2561259 11125.53  9320.27     0.00  57822.5      0.0  9320.27     0.00  1.00000
 2574019 11111.72  9306.70     0.00  57822.5      0.0  9306.70     0.00  1.00000
 2586779 11097.83  9293.03     0.00  57822.5      0.0  9293.03     0.00  1.00000
 2599538 11083.86  9279.26     0.00  57822.5      0.0  9279.26     0.00  1.00000
 2612298 11069.80  9265.40     0.00  57822.5      0.0  9265.40     0.00  1.00000
 2625058 11055.66  9251.45     0.00  57822.5      0.0  9251.45     0.00  1.00000
 2637818 11041.44  9237.40     0.00  57822.5      0.0  9237.40     0.00  1.00000
 2650577 11027.13  9223.25     0.00  57822.5      0.0  9223.25     0.00  1.00000
 2663337 11012.74  9209.00     0.00  57822.5      0.0  9209.00     0.00  1.00000
 2676097 10998.26  9194.66     0.00  57822.5      0.0  9194.66     0.00  1.00000
 2688856 10983.70  9180.22     0.00  57822.5      0.0  9180.22     0.00  1.00000
 2701616 10969.05  9165.68     0.00  57822.5      0.0  9165.68     0.00  1.00000
 2714376 10954.32  9151.03     0.00  57822.5      0.0  9151.03     0.00  1.00000
 2727135 10939.50  9136.29     0.00  57822.5      0.0  9136.29     0.00  1.00000
 2739895 10924.59  9121.45     0.00  57822.5      0.0  9121.45     0.00  1.00000
 2752655 10909.60  9106.50     0.00  57822.5      0.0  9106.50     0.00  1.00000
 2765415 10894.52  9091.46     0.00  57822.5      0.0  9091.46     0.00  1.00000
 2778174 10879.35  9076.30     0.00  57822.5      0.0  9076.30     0.00  1.00000
 2790934 10864.10  9061.05     0.00  57822.5      0.0  9061.05     0.00  1.00000
 2803694 10848.76  9045.69     0.00  57822.5      0.0  9045.69     0.00  1.00000
 2816453 10833.33  9030.23     0.00  57822.5      0.0  9030.23     0.00  1.00000
 2829213 10817.81  9014.65     0.00  57822.5      0.0  9014.65     0.00  1.00000
 2841973 10802.21  8998.98     0.00  57822.5      0.0  8998.98     0.00  1.00000
 2854732 10786.51  8983.19     0.00  57822.5      0.0  8983.19     0.00  1.00000
 2867492 10770.73  8967.30     0.00  57822.5      0.0  8967.30     0.00  1.00000
 2880252 10754.86  8951.30     0.00  57822.5      0.0  8951.30     0.00  1.00000
 2893012 10738.90  8935.19     0.00  57822.5      0.0  8935.19     0.00  1.00000
 2905771 10722.85  8918.97     0.00  57822.5      0.0  8918.97     0.00  1.00000
 2918531 10706.71  8902.64     0.00  57822.5      0.0  8902.64     0.00  1.00000
 2931291 10690.48  8886.20     0.00  57822.5      0.0  8886.20     0.00  1.00000
 2944050 10674.16  8869.64     0.00  57822.5      0.0  8869.64     0.00  1.00000
 2956810 10657.75  8852.98     0.00  57822.5      0.0  8852.98     0.00  1.00000
 2969570 10641.24  8836.20     0.00  57822.5      0.0  8836.20     0.00  1.00000
 2982329 10624.65  8819.31     0.00  57822.5      0.0  8819.31     0.00  1.00000
 2995089 10607.96  8802.30     0.00  57822.5      0.0  8802.30     0.00  1.00000
 3007849 10591.19  8785.18     0.00  57822.5      0.0  8785.18     0.00  1.00000
 3020609 10574.32  8767.94     0.00  57822.5      0.0  8767.94     0.00  1.00000
 3033368 10557.36  8750.59     0.00  57822.5      0.0  8750.59     0.00  1.00000
 3046128 10540.30  8733.12     0.00  57822.5      0.0  8733.12     0.00  1.00000
 3058888 10523.16  8715.53     0.00  57822.5      0.0  8715.53     0.00  1.00000
 3071647 10505.92  8697.82     0.00  57822.5      0.0  8697.82     0.00  1.00000
 3084407 10488.58  8680.00     0.00  57822.5      0.0  8680.00     0.00  1.00000
 3097167 10471.15  8662.05     0.00  57822.5      0.0  8662.05     0.00  1.00000
 3109926 10453.63  8643.99     0.00  57822.5      0.0  8643.99     0.00  1.00000
 3122686 10436.02  8625.80     0.00  57822.5      0.0  8625.80     0.00  1.00000
 3135446 10418.31  8607.49     0.00  57822.5      0.0  8607.49     0.00  1.00000
 3148206 10400.51  8589.06     0.00  57822.5      0.0  8589.06     0.00  1.00000
 3160965 10382.61  8570.51     0.00  57822.5      0.0  8570.51     0.00  1.00000
 3173725 10364.61  8551.83     0.00  57822.5      0.0  8551.83     0.00  1.00000
 3186485 10346.52  8533.03     0.00  57822.5      0.0  8533.03     0.00  1.00000
 3199244 10328.34  8514.10     0.00  57822.5      0.0  8514.10     0.00  1.00000
 3212004 10310.05  8495.05     0.00  57822.5      0.0  8495.05     0.00  1.00000
 3224764 10291.68  8475.87     0.00  57822.5      0.0  8475.87     0.00  1.00000
 3237523 10273.20  8456.57     0.00  57822.5      0.0  8456.57     0.00  1.00000
 3250283 10254.63  8437.14     0.00  57822.5      0.0  8437.14     0.00  1.00000
 3263043 10235.96  8417.58     0.00  57822.5      0.0  8417.58     0.00  1.00000
 3275803 10217.20  8397.89     0.00  57822.5      0.0  8397.89     0.00  1.00000
 3288562 10198.33  8378.07     0.00  57822.5      0.0  8378.07     0.00  1.00000
 3301322 10179.37  8358.12     0.00  57822.5      0.0  8358.12     0.00  1.00000
 3314082 10160.31  8338.04     0.00  57822.5      0.0  8338.04     0.00  1.00000
 3326841 10141.15  8317.83     0.00  57822.5      0.0  8317.83     0.00  1.00000
 3339601 10121.90  8297.49     0.00  57822.5      0.0  8297.49     0.00  1.00000
 3352361 10102.54  8277.01     0.00  57822.5      0.0  8277.01     0.00  1.00000
 3365120 10083.09  8256.41     0.00  57822.5      0.0  8256.41     0.00  1.00000
 3377880 10063.53  8235.66     0.00  57822.5      0.0  8235.66     0.00  1.00000
 3390640 10043.88  8214.79     0.00  57822.5      0.0  8214.79     0.00  1.00000
 3403400 10024.12  8193.77     0.00  57822.5      0.0  8193.77     0.00  1.00000
 3416159 10004.27  8172.62     0.00  57822.5      0.0  8172.62     0.00  1.00000
 3428919  9984.32  8151.34     0.00  57822.5      0.0  8151.34     0.00  1.00000
 3441679  9964.26  8129.92     0.00  57822.5      0.0  8129.92     0.00  1.00000
 3454438  9944.10  8108.36     0.00  57822.5      0.0  8108.36     0.00  1.00000
 3467198  9923.84  8086.66     0.00  57822.5      0.0  8086.66     0.00  1.00000
 3480000  9903.48  8064.82     0.00  57822.5      0.0  8064.82     0.00  1.00000
 3480000  5577.84 13669.86  7294.62  57822.5    355.0 13780.11  7333.64  0.97356
 3489335  5572.36 13669.13  7292.39  57822.5    355.0 13773.84  7329.47  0.97485
 3498713  5566.83 13668.39  7290.18  57822.5    355.0 13767.53  7325.28  0.97615
 3508091  5561.35 13667.66  7287.94  57822.5    355.0 13761.23  7321.06  0.97748
 3517468  5555.86 13666.89  7285.68  57822.5    355.0 13754.99  7316.86  0.97877
 3526846  5550.39 13666.12  7283.41  57822.5    355.0 13748.73  7312.63  0.98009
 3536224  5544.91 13665.30  7281.11  57822.5    355.0 13742.46  7308.43  0.98137
 3545601  5539.42 13664.46  7278.81  57822.5    355.0 13736.25  7304.21  0.98266
 3554979  5533.96 13663.59  7276.50  57822.5    355.0 13730.03  7300.01  0.98395
 3564357  5528.50 13662.67  7274.17  57822.5    355.0 13723.84  7295.81  0.98522
 3573734  5523.06 13661.75  7271.86  57822.5    355.0 13717.69  7291.65  0.98646
 3583112  5517.60 13660.78  7269.54  57822.5    355.0 13711.54  7287.51  0.98770
 3592489  5512.15 13659.74  7267.22  57822.5    355.0 13705.47  7283.40  0.98892
 3601867  5506.73 13658.69  7264.91  57822.5    355.0 13699.42  7279.31  0.99010
 3611245  5501.31 13657.58  7262.62  57822.5    355.0 13693.44  7275.30  0.99129
 3620622  5495.88 13656.41  7260.33  57822.5    355.0 13687.48  7271.31  0.99246
 3630000  5490.48 13655.22  7258.07  57822.5    355.0 13681.62  7267.41  0.99358
 3630000  5490.48 13655.22  7258.07  57822.5    355.0 13681.62  7267.41  0.99358
 3639471  5485.04 13644.72  7251.40  57822.5    355.0 13666.47  7259.10  0.99472
 3648942  5479.60 13634.23  7244.79  57822.5    355.0 13651.43  7250.87  0.99580
 3658413  5474.21 13623.69  7238.27  57822.5    355.0 13636.50  7242.81  0.99688
 3667885  5468.81 13613.19  7231.76  57822.5    355.0 13621.70  7234.78  0.99792
 3677356  5463.44 13602.67  7225.38  57822.5    355.0 13607.01  7226.90  0.99894
 3686827  5458.09 13592.14  7219.02  57822.5    355.0 13592.44  7219.12  0.99993
 3696298  5452.76 13581.64  7212.76  57822.5    355.0 13578.02  7211.49  1.00090
 3705769  5447.45 13571.12  7206.61  57822.5    355.0 13563.74  7204.00  1.00182
 3715240  5442.18 13560.64  7200.52  57822.5    355.0 13549.63  7196.63  1.00271
 3724712  5436.96 13550.16  7194.57  57822.5    355.0 13535.66  7189.43  1.00358
 3734183  5431.75 13539.70  7188.70  57822.5    355.0 13521.85  7182.37  1.00442
 3743654  5426.56 13529.25  7182.93  57822.5    355.0 13508.19  7175.47  1.00520
 3753125  5421.40 13518.81  7177.29  57822.5    355.0 13494.72  7168.76  1.00596
 3762596  5416.28 13508.45  7171.76  57822.5    355.0 13481.44  7162.21  1.00669
 3772067  5411.23 13498.06  7166.42  57822.5    355.0 13468.33  7155.86  1.00739
 3781538  5406.16 13487.74  7161.14  57822.5    355.0 13455.41  7149.69  1.00804
 3791010  5401.18 13477.44  7156.01  57822.5    355.0 13442.70  7143.69  1.00863
 3800481  5396.22 13467.18  7151.04  57822.5    355.0 13430.16  7137.90  1.00922
 3809952  5391.28 13456.94  7146.17  57822.5    355.0 13417.79  7132.27  1.00976
 3819423  5386.40 13446.74  7141.43  57822.5    355.0 13405.63  7126.86  1.01027
 3828894  5381.53 13436.55  7136.83  57822.5    355.0 13393.60  7121.58  1.01072
 3838365  5376.70 13426.37  7132.31  57822.5    355.0 13381.75  7116.46  1.01115
 3847837  5371.91 13416.22  7127.90  57822.5    355.0 13370.06  7111.49  1.01156
 3857308  5367.14 13406.08  7123.58  57822.5    355.0 13358.50  7106.70  1.01192
 3866779  5362.38 13395.97  7119.39  57822.5    355.0 13347.09  7102.04  1.01225
 3876250  5357.66 13385.84  7115.25  57822.5    355.0 13335.82  7097.50  1.01255
 3885721  5352.98 13375.73  7111.22  57822.5    355.0 13324.69  7093.09  1.01283
 3895192  5348.30 13365.62  7107.27  57822.5    355.0 13313.66  7088.84  1.01306
 3904663  5343.66 13355.48  7103.40  57822.5    355.0 13302.75  7084.66  1.01325
 3914135  5339.02 13345.37  7099.61  57822.5    355.0 13291.96  7080.63  1.01344
 3923606  5334.42 13335.24  7095.86  57822.5    355.0 13281.30  7076.66  1.01359
 3933077  5329.82 13325.11  7092.19  57822.5    355.0 13270.72  7072.84  1.01371
 3942548  5325.23 13314.96  7088.57  57822.5    355.0 13260.24  7069.11  1.01381
 3952019  5320.66 13304.80  7085.00  57822.5    355.0 13249.85  7065.43  1.01386
 3961490  5316.10 13294.62  7081.48  57822.5    355.0 13239.56  7061.86  1.01392
 3970962  5311.59 13284.43  7078.00  57822.5    355.0 13229.32  7058.39  1.01395
 3980433  5307.07 13274.22  7074.55  57822.5    355.0 13219.17  7054.94  1.01393
 3989904  5302.55 13263.93  7071.14  57822.5    355.0 13209.07  7051.60  1.01391
 3999375  5298.03 13253.66  7067.79  57822.5    355.0 13199.03  7048.32  1.01386
 4008846  5293.55 13243.35  7064.43  57822.5    355.0 13189.04  7045.06  1.01378
 4018317  5289.04 13232.99  7061.10  57822.5    355.0 13179.14  7041.88  1.01369
 4027788  5284.57 13222.62  7057.79  57822.5    355.0 13169.26  7038.74  1.01355
 4037260  5280.07 13212.19  7054.48  57822.5    355.0 13159.41  7035.64  1.01342
 4046731  5275.58 13201.74  7051.19  57822.5    355.0 13149.61  7032.59  1.01326
 4056202  5271.11 13191.27  7047.93  57822.5    355.0 13139.87  7029.56  1.01311
 4065673  5266.64 13180.74  7044.68  57822.5    355.0 13130.14  7026.58  1.01291
 4075144  5262.17 13170.18  7041.41  57822.5    355.0 13120.43  7023.64  1.01269
 4084615  5257.70 13159.58  7038.13  57822.5    355.0 13110.74  7020.68  1.01246
 4094087  5253.21 13148.94  7034.87  57822.5    355.0 13101.09  7017.75  1.01223
 4103558  5248.76 13138.27  7031.60  57822.5    355.0 13091.45  7014.86  1.01198
 4113029  5244.29 13127.56  7028.34  57822.5    355.0 13081.80  7011.98  1.01168
 4122500  5239.80 13116.82  7025.07  57822.5    355.0 13072.19  7009.10  1.01141
 4131971  5235.33 13106.02  7021.79  57822.5    355.0 13062.56  7006.22  1.01112
 4141442  5230.83 13095.17  7018.49  57822.5    355.0 13052.94  7003.35  1.01081
 4150913  5226.36 13084.29  7015.14  57822.5    355.0 13043.33  7000.46  1.01049
 4160385  5221.86 13073.35  7011.83  57822.5    355.0 13033.72  6997.61  1.01016
 4169856  5217.38 13062.39  7008.47  57822.5    355.0 13024.07  6994.74  1.00983
 4179327  5212.86 13051.38  7005.08  57822.5    355.0 13014.43  6991.83  1.00949
 4188798  5208.36 13040.33  7001.66  57822.5    355.0 13004.78  6988.90  1.00915
 4198269  5203.84 13029.23  6998.23  57822.5    355.0 12995.08  6985.98  1.00879
 4207740  5199.29 13018.08  6994.75  57822.5    355.0 12985.39  6983.00  1.00843
 4217212  5194.75 13006.87  6991.24  57822.5    355.0 12975.64  6980.03  1.00805
 4226683  5190.21 12995.63  6987.71  57822.5    355.0 12965.87  6977.02  1.00766
 4236154  5185.64 12984.35  6984.12  57822.5    355.0 12956.05  6973.95  1.00730
 4245625  5181.07 12972.99  6980.49  57822.5    355.0 12946.20  6970.86  1.00690
 4255096  5176.50 12961.62  6976.82  57822.5    355.0 12936.34  6967.72  1.00654
 4264567  5171.88 12950.17  6973.09  57822.5    355.0 12926.39  6964.55  1.00615
 4274038  5167.29 12938.67  6969.32  57822.5    355.0 12916.38  6961.31  1.00576
 4283510  5162.67 12927.13  6965.51  57822.5    355.0 12906.35  6958.03  1.00538
 4292981  5158.02 12915.55  6961.67  57822.5    355.0 12896.27  6954.72  1.00499
 4302452  5153.37 12903.91  6957.72  57822.5    355.0 12886.12  6951.31  1.00461
 4311923  5148.71 12892.23  6953.77  57822.5    355.0 12875.94  6947.90  1.00425
 4321394  5144.04 12880.51  6949.75  57822.5    355.0 12865.66  6944.43  1.00386
 4330865  5139.33 12868.75  6945.71  57822.5    355.0 12855.37  6940.91  1.00350
 4340337  5134.61 12856.93  6941.61  57822.5    355.0 12845.01  6937.31  1.00310
 4349808  5129.90 12845.09  6937.49  57822.5    355.0 12834.61  6933.71  1.00273
 4359279  5125.18 12833.23  6933.29  57822.5    355.0 12824.16  6930.01  1.00234
 4368750  5120.43 12821.31  6929.08  57822.5    355.0 12813.64  6926.32  1.00199
 4378221  5115.69 12809.40  6924.83  57822.5    355.0 12803.10  6922.55  1.00162
 4387692  5110.92 12797.44  6920.54  57822.5    355.0 12792.50  6918.76  1.00129
 4397163  5106.14 12785.45  6916.20  57822.5    355.0 12781.87  6914.92  1.00095
 4406635  5101.36 12773.44  6911.85  57822.5    355.0 12771.15  6911.03  1.00060
 4416106  5096.57 12761.43  6907.47  57822.5    355.0 12760.43  6907.11  1.00026
 4425577  5091.75 12749.38  6903.05  57822.5    355.0 12749.64  6903.12  0.99993
 4435048  5086.93 12737.31  6898.60  57822.5    355.0 12738.79  6899.14  0.99962
 4444519  5082.11 12725.24  6894.12  57822.5    355.0 12727.93  6895.11  0.99930
 4453990  5077.26 12713.14  6889.63  57822.5    355.0 12717.02  6891.00  0.99899
 4463462  5072.42 12701.06  6885.10  57822.5    355.0 12706.05  6886.88  0.99871
 4472933  5067.57 12688.95  6880.53  57822.5    355.0 12695.02  6882.71  0.99841
 4482404  5062.72 12676.84  6875.96  57822.5    355.0 12683.96  6878.53  0.99814
 4491875  5057.84 12664.70  6871.37  57822.5    355.0 12672.88  6874.32  0.99787
 4501346  5052.96 12652.61  6866.75  57822.5    355.0 12661.74  6870.05  0.99761
 4510817  5048.09 12640.48  6862.14  57822.5    355.0 12650.55  6865.78  0.99736
 4520288  5043.18 12628.36  6857.47  57822.5    355.0 12639.32  6861.45  0.99712
 4529760  5038.27 12616.28  6852.85  57822.5    355.0 12628.06  6857.10  0.99689
 4539231  5033.38 12604.17  6848.17  57822.5    355.0 12616.77  6852.71  0.99668
 4548702  5028.48 12592.08  6843.49  57822.5    355.0 12605.42  6848.32  0.99648
 4558173  5023.55 12579.99  6838.80  57822.5    355.0 12594.02  6843.86  0.99630
 4567644  5018.65 12567.92  6834.09  57822.5    355.0 12582.59  6839.41  0.99612
 4577115  5013.71 12555.87  6829.37  57822.5    355.0 12571.11  6834.91  0.99595
 4586587  5008.79 12543.80  6824.66  57822.5    355.0 12559.63  6830.39  0.99580
 4596058  5003.85 12531.77  6819.92  57822.5    355.0 12548.10  6825.84  0.99565
 4605529  4998.90 12519.70  6815.20  57822.5    355.0 12536.51  6821.29  0.99555
 4615000  4993.94 12507.67  6810.46  57822.5    355.0 12524.90  6816.71  0.99543
 4624471  4988.99 12495.65  6805.70  57822.5    355.0 12513.25  6812.08  0.99533
 4633942  4984.03 12483.62  6800.94  57822.5    355.0 12501.58  6807.46  0.99524
 4643413  4979.07 12471.58  6796.18  57822.5    355.0 12489.85  6802.80  0.99515
 4652885  4974.10 12459.57  6791.42  57822.5    355.0 12478.09  6798.14  0.99507
 4662356  4969.11 12447.54  6786.66  57822.5    355.0 12466.30  6793.47  0.99499
 4671827  4964.15 12435.52  6781.87  57822.5    355.0 12454.47  6788.76  0.99494
 4681298  4959.15 12423.49  6777.07  57822.5    355.0 12442.61  6784.04  0.99488
 4690769  4954.17 12411.46  6772.29  57822.5    355.0 12430.71  6779.31  0.99484
 4700240  4949.18 12399.40  6767.48  57822.5    355.0 12418.79  6774.54  0.99479
 4709712  4944.21 12387.37  6762.71  57822.5    355.0 12406.84  6769.79  0.99478
 4719183  4939.19 12375.32  6757.91  57822.5    355.0 12394.85  6765.01  0.99476
 4728654  4934.17 12363.26  6753.10  57822.5    355.0 12382.83  6760.23  0.99474
 4738125  4929.16 12351.19  6748.30  57822.5    355.0 12370.80  6755.44  0.99475
 4747596  4924.15 12339.13  6743.50  57822.5    355.0 12358.72  6750.64  0.99473
 4757067  4919.15 12327.03  6738.71  57822.5    355.0 12346.61  6745.81  0.99474
 4766538  4914.11 12314.95  6733.89  57822.5    355.0 12334.47  6741.00  0.99474
 4776010  4909.09 12302.85  6729.09  57822.5    355.0 12322.31  6736.16  0.99475
 4785481  4904.09 12290.74  6724.28  57822.5    355.0 12310.14  6731.34  0.99477
 4794952  4899.04 12278.60  6719.47  57822.5    355.0 12297.89  6726.50  0.99479
 4804423  4894.02 12266.45  6714.67  57822.5    355.0 12285.63  6721.66  0.99480
 4813894  4888.99 12254.29  6709.87  57822.5    355.0 12273.37  6716.84  0.99481
 4823365  4883.95 12242.11  6705.05  57822.5    355.0 12261.07  6711.99  0.99484
 4832837  4878.93 12229.89  6700.26  57822.5    355.0 12248.74  6707.14  0.99487
 4842308  4873.88 12217.68  6695.45  57822.5    355.0 12236.39  6702.27  0.99490
 4851779  4868.82 12205.41  6690.64  57822.5    355.0 12224.01  6697.42  0.99495
 4861250  4863.80 12193.19  6685.87  57822.5    355.0 12211.59  6692.60  0.99498
 4870721  4858.74 12180.90  6681.08  57822.5    355.0 12199.14  6687.74  0.99503
 4880192  4853.70 12168.58  6676.28  57822.5    355.0 12186.70  6682.89  0.99505
 4889663  4848.65 12156.23  6671.49  57822.5    355.0 12174.19  6678.04  0.99509
 4899135  4843.59 12143.89  6666.67  57822.5    355.0 12161.66  6673.17  0.99513
 4908606  4838.53 12131.48  6661.87  57822.5    355.0 12149.11  6668.30  0.99517
 4918077  4833.45 12119.05  6657.02  57822.5    355.0 12136.48  6663.41  0.99521
 4927548  4828.36 12106.60  6652.20  57822.5    355.0 12123.84  6658.52  0.99527
 4937019  4823.26 12094.10  6647.35  57822.5    355.0 12111.12  6653.58  0.99532
 4946490  4818.19 12081.57  6642.47  57822.5    355.0 12098.38  6648.62  0.99537
 4955962  4813.10 12068.98  6637.59  57822.5    355.0 12085.58  6643.67  0.99544
 4965433  4808.00 12056.39  6632.70  57822.5    355.0 12072.73  6638.70  0.99550
 4974904  4802.89 12043.73  6627.77  57822.5    355.0 12059.82  6633.69  0.99556
 4984375  4797.76 12031.04  6622.83  57822.5    355.0 12046.87  6628.63  0.99561
 4993846  4792.64 12018.30  6617.85  57822.5    355.0 12033.86  6623.56  0.99571
 5003317  4787.50 12005.52  6612.86  57822.5    355.0 12020.77  6618.44  0.99578
 5012788  4782.33 11992.67  6607.81  57822.5    355.0 12007.62  6613.28  0.99586
 5022260  4777.17 11979.79  6602.76  57822.5    355.0 11994.40  6608.13  0.99593
 5031731  4772.00 11966.86  6597.66  57822.5    355.0 11981.13  6602.89  0.99603
 5041202  4766.81 11953.86  6592.52  57822.5    355.0 11967.77  6597.63  0.99613
 5050673  4761.60 11940.80  6587.36  57822.5    355.0 11954.33  6592.32  0.99621
 5060144  4756.39 11927.70  6581.79  57822.5    355.0 11940.83  6586.62  0.99632
 5069615  4751.16 11914.54  6576.52  57822.5    355.0 11927.25  6581.18  0.99645
 5079087  4745.92 11901.33  6571.20  57822.5    355.0 11913.57  6575.72  0.99657
 5088558  4740.66 11888.03  6565.84  57822.5    355.0 11899.85  6570.18  0.99670
 5098029  4735.41 11874.70  6560.43  57822.5    355.0 11885.99  6564.60  0.99681
 5107500  4730.09 11861.29  6554.98  57822.5    355.0 11872.09  6558.96  0.99696
 5116971  4724.77 11847.83  6549.46  57822.5    355.0 11858.12  6553.24  0.99710
 5126442  4719.45 11834.29  6543.90  57822.5    355.0 11844.02  6547.49  0.99726
 5135913  4714.09 11820.68  6538.29  57822.5    355.0 11829.83  6541.68  0.99743
 5145385  4708.72 11807.04  6532.63  57822.5    355.0 11815.58  6535.78  0.99759
 5154856  4703.33 11793.27  6526.88  57822.5    355.0 11801.20  6529.80  0.99776
 5164327  4697.88 11779.49  6521.10  57822.5    355.0 11786.75  6523.77  0.99795
 5173798  4692.46 11765.63  6515.26  57822.5    355.0 11772.19  6517.73  0.99814
 5183269  4687.02 11751.74  6509.41  57822.5    355.0 11757.56  6511.54  0.99833
 5192740  4681.52 11737.82  6503.47  57822.5    355.0 11742.85  6505.37  0.99856
 5202212  4676.01 11723.83  6497.55  57822.5    355.0 11728.11  6499.11  0.99879
 5211683  4670.50 11709.86  6491.59  57822.5    355.0 11713.23  6492.83  0.99903
 5221154  4664.97 11695.90  6485.61  57822.5    355.0 11698.35  6486.51  0.99931
 5230625  4659.42 11681.93  6479.66  57822.5    355.0 11683.36  6480.16  0.99958
 5240096  4653.86 11667.98  6473.66  57822.5    355.0 11668.35  6473.79  0.99989
 5249567  4648.28 11654.03  6467.69  57822.5    355.0 11653.25  6467.39  1.00021
 5259038  4642.68 11640.12  6461.73  57822.5    355.0 11638.19  6461.00  1.00054
 5268510  4637.12 11626.25  6455.77  57822.5    355.0 11623.03  6454.58  1.00091
 5277981  4631.50 11612.44  6449.90  57822.5    355.0 11607.85  6448.17  1.00131
 5287452  4625.89 11598.68  6444.00  57822.5    355.0 11592.63  6441.75  1.00175
 5296923  4620.28 11585.03  6438.16  57822.5    355.0 11577.41  6435.32  1.00218
 5306394  4614.66 11571.44  6432.38  57822.5    355.0 11562.15  6428.93  1.00268
 5315865  4609.02 11557.90  6426.64  57822.5    355.0 11546.86  6422.55  1.00318
 5325337  4603.37 11544.49  6420.97  57822.5    355.0 11531.56  6416.19  1.00374
 5334808  4597.73 11531.20  6415.36  57822.5    355.0 11516.30  6409.83  1.00432
 5344279  4592.11 11518.02  6409.85  57822.5    355.0 11500.99  6403.51  1.00491
 5353750  4586.45 11504.94  6404.40  57822.5    355.0 11485.71  6397.24  1.00558
 5363221  4580.81 11492.01  6399.01  57822.5    355.0 11470.43  6391.03  1.00629
 5372692  4575.16 11479.18  6393.78  57822.5    355.0 11455.16  6384.82  1.00701
 5382163  4569.52 11466.52  6388.60  57822.5    355.0 11439.89  6378.70  1.00777
 5391635  4563.90 11454.01  6383.53  57822.5    355.0 11424.64  6372.58  1.00860
 5401106  4558.24 11441.60  6378.53  57822.5    355.0 11409.41  6366.53  1.00942
 5410577  4552.59 11429.25  6373.57  57822.5    355.0 11394.16  6360.49  1.01030
 5420048  4546.96 11416.94  6368.67  57822.5    355.0 11378.91  6354.49  1.01117
 5429519  4541.26 11404.68  6363.81  57822.5    355.0 11363.65  6348.51  1.01207
 5438990  4535.55 11392.41  6358.94  57822.5    355.0 11348.34  6342.54  1.01301
 5448462  4529.85 11380.10  6354.10  57822.5    355.0 11333.02  6336.55  1.01391
 5457933  4524.09 11367.71  6349.22  57822.5    355.0 11317.63  6330.56  1.01482
 5467404  4518.34 11355.27  6344.32  57822.5    355.0 11302.27  6324.56  1.01570
 5476875  4512.53 11342.67  6339.38  57822.5    355.0 11286.80  6318.51  1.01659
 5486346  4506.70 11329.94  6334.42  57822.5    355.0 11271.28  6312.48  1.01744
 5495817  4500.80 11317.06  6329.33  57822.5    355.0 11255.72  6306.43  1.01827
 5505288  4494.90 11304.00  6324.21  57822.5    355.0 11240.07  6300.32  1.01907
 5514760  4488.92 11290.69  6318.96  57822.5    355.0 11224.37  6294.15  1.01983
 5524231  4482.94 11277.15  6313.60  57822.5    355.0 11208.57  6287.93  1.02054
 5533702  4476.86 11263.35  6308.10  57822.5    355.0 11192.67  6281.67  1.02120
 5543173  4470.75 11249.22  6302.49  57822.5    355.0 11176.69  6275.32  1.02178
 5552644  4464.57 11234.78  6296.71  57822.5    355.0 11160.61  6268.92  1.02232
 5562115  4458.33 11220.02  6290.79  57822.5    355.0 11144.43  6262.45  1.02279
 5571587  4452.00 11204.87  6284.67  57822.5    355.0 11128.14  6255.89  1.02317
 5581058  4445.66 11189.33  6278.35  57822.5    355.0 11111.74  6249.24  1.02343
 5590529  4439.18 11173.42  6271.88  57822.5    355.0 11095.23  6242.54  1.02366
 5600000  4432.67 11157.22  6265.25  57822.5    355.0 11078.66  6235.77  1.02384
 5600000  4432.66 11157.22  6265.25  57822.5    355.0 11078.66  6235.77  1.02384
 5607562  4427.38 11139.87  6244.99  57822.5    355.0 11061.17  6215.49  1.02390
 5615125  4422.05 11122.10  6225.58  57822.5    355.0 11043.37  6196.11  1.02395
 5622688  4416.71 11103.64  6206.39  57822.5    355.0 11024.99  6177.01  1.02397
 5630250  4411.31 11085.15  6187.20  57822.5    355.0 11006.67  6157.94  1.02394
 5637812  4405.88 11065.54  6168.13  57822.5    355.0 10987.28  6138.96  1.02392
 5645375  4400.41 11045.97  6149.08  57822.5    355.0 10967.95  6120.04  1.02388
 5652938  4394.94 11024.92  6128.81  57822.5    355.0 10947.19  6099.91  1.02384
 5660500  4389.39 11004.06  6108.68  57822.5    355.0 10926.64  6079.94  1.02379
 5668062  4383.83 10983.37  6088.71  57822.5    355.0 10906.27  6060.14  1.02375
 5675625  4378.21 10962.95  6068.91  57822.5    355.0 10886.08  6040.45  1.02370
 5683188  4372.58 10942.75  6049.28  57822.5    355.0 10866.10  6020.92  1.02369
 5690750  4366.93 10922.84  6029.88  57822.5    355.0 10846.35  6001.64  1.02368
 5698312  4361.21 10903.24  6010.71  57822.5    355.0 10826.81  5982.53  1.02372
 5705875  4355.52 10883.95  5991.71  57822.5    355.0 10807.53  5963.55  1.02374
 5713438  4349.81 10864.98  5972.95  57822.5    355.0 10788.42  5944.79  1.02383
 5721000  4344.06 10846.36  5954.37  57822.5    355.0 10769.55  5926.17  1.02396
 5721000  4051.52 10354.74  5577.60    943.0    165.0 10281.42  5551.17  1.02396
 5724572  4047.12 10338.25  5568.96    943.0    165.0 10264.81  5542.50  1.02403
 5728143  4042.72 10321.77  5560.35    943.0    165.0 10248.24  5533.83  1.02412
 5731714  4038.34 10305.40  5551.79    943.0    165.0 10231.68  5525.21  1.02421
 5735286  4033.93 10289.07  5543.26    943.0    165.0 10215.15  5516.60  1.02431
 5738857  4029.56 10272.80  5534.78    943.0    165.0 10198.65  5508.05  1.02442
 5742428  4025.19 10256.59  5526.36    943.0    165.0 10182.19  5499.50  1.02456
 5746000  4020.83 10240.44  5517.95    943.0    165.0 10165.73  5491.01  1.02470
 5749572  4016.47 10224.38  5509.61    943.0    165.0 10149.33  5482.54  1.02484
 5753143  4012.14 10208.40  5501.30    943.0    165.0 10132.94  5474.08  1.02501
 5756714  4007.81 10192.48  5493.05    943.0    165.0 10116.60  5465.68  1.02519
 5760286  4003.47 10176.59  5484.82    943.0    165.0 10100.28  5457.29  1.02538
 5763857  3999.18 10160.80  5476.61    943.0    165.0 10083.98  5448.91  1.02560
 5767428  3994.88 10145.06  5468.49    943.0    165.0 10067.74  5440.57  1.02580
 5771000  3990.58 10129.33  5460.36    943.0    165.0 10051.51  5432.27  1.02601
 5777334  3982.94 10101.54  5446.01    943.0    165.0 10022.74  5417.55  1.02641
 5783666  3975.37 10073.96  5431.82    943.0    165.0  9994.15  5403.02  1.02683
 5790000  3967.80 10046.56  5417.81    943.0    165.0  9965.80  5388.66  1.02725
 5796334  3960.19 10019.29  5403.97    943.0    165.0  9937.64  5374.50  1.02764
 5802666  3952.64  9992.18  5390.28    943.0    165.0  9909.61  5360.47  1.02801
 5809000  3945.07  9965.14  5376.73    943.0    165.0  9881.84  5346.65  1.02834
 5815334  3937.51  9938.23  5363.33    943.0    165.0  9854.26  5332.95  1.02865
 5821666  3929.91  9911.38  5350.04    943.0    165.0  9826.84  5319.49  1.02891
 5828000  3922.34  9884.54  5336.87    943.0    165.0  9799.63  5306.18  1.02915
 5834334  3914.69  9857.74  5323.82    943.0    165.0  9772.64  5293.02  1.02930
 5840666  3907.07  9830.94  5310.84    943.0    165.0  9745.84  5280.04  1.02936
 5847000  3899.44  9804.11  5297.98    943.0    165.0  9719.24  5267.29  1.02939
 5853334  3891.77  9777.24  5285.21    943.0    165.0  9692.84  5254.65  1.02929
 5859666  3884.09  9750.29  5272.50    943.0    165.0  9666.67  5242.22  1.02909
 5866000  3876.36  9723.23  5259.83    943.0    165.0  9640.69  5229.92  1.02879
 5872334  3868.59  9696.02  5247.16    943.0    165.0  9614.86  5217.75  1.02838
 5878666  3860.80  9668.66  5234.54    943.0    165.0  9589.19  5205.73  1.02784
 5885000  3852.94  9641.02  5221.84    943.0    165.0  9563.66  5193.77  1.02720
 5891334  3845.04  9613.05  5208.98    943.0    165.0  9538.14  5181.80  1.02636
 5897666  3837.10  9584.58  5195.93    943.0    165.0  9512.58  5169.76  1.02543
 5904000  3829.10  9555.66  5182.55    943.0    165.0  9486.93  5157.59  1.02432
 5910334  3821.06  9526.16  5168.84    943.0    165.0  9461.13  5145.18  1.02305
 5916666  3812.91  9496.23  5154.76    943.0    165.0  9435.05  5132.48  1.02166
 5923000  3804.78  9465.56  5140.12    943.0    165.0  9408.69  5119.41  1.02013
 5929334  3796.54  9434.08  5124.98    943.0    165.0  9381.98  5105.96  1.01856
 5935666  3788.23  9401.79  5109.16    943.0    165.0  9354.84  5092.04  1.01689
 5942000  3779.81  9368.71  5092.69    943.0    165.0  9327.20  5077.56  1.01515
 5948334  3771.37  9334.73  5075.49    943.0    165.0  9298.98  5062.46  1.01331
 5954666  3762.82  9299.91  5057.50    943.0    165.0  9270.12  5046.62  1.01143
 5961000  3754.19  9264.16  5038.62    943.0    165.0  9240.52  5030.02  1.00950
 5961000  3640.72  8978.46  4825.58    943.0    165.0  8955.53  4817.33  1.00950
 5966000  3629.35  8936.79  4814.95    943.0    165.0  8918.67  4808.48  1.00792
 5973666  3617.73  8892.13  4802.66    943.0    165.0  8881.39  4798.87  1.00545
 5980000  3612.03  8867.95  4795.04    943.0    165.0  8863.33  4793.51  1.00335
 5986334  3608.46  8850.79  4788.73    943.0    165.0  8852.22  4789.51  1.00126
 5992666  3605.67  8836.32  4782.81    943.0    165.0  8843.80  4785.87  0.99909
 5999000  3602.43  8820.30  4776.33    943.0    165.0  8833.70  4781.65  0.99693
 6005334  3597.38  8798.51  4768.37    943.0    165.0  8817.65  4775.91  0.99475
 6011666  3591.03  8772.58  4759.37    943.0    165.0  8797.37  4769.16  0.99256
 6018000  3584.78  8745.81  4749.44    943.0    165.0  8777.53  4761.97  0.99039
 6024334  3578.74  8719.85  4738.18    943.0    165.0  8758.37  4753.41  0.98828
 6030666  3572.23  8692.15  4725.40    943.0    165.6  8737.42  4743.35  0.98628
 6037000  3565.18  8662.70  4711.04    943.0    166.6  8714.49  4731.64  0.98435
 6043334  3557.60  8631.58  4695.27    943.0    167.9  8689.71  4718.45  0.98254
 6049666  3549.58  8599.09  4678.25    943.0    169.4  8663.24  4703.96  0.98088
 6056000  3541.21  8565.41  4660.15    943.0    170.9  8635.27  4688.28  0.97932
 6062334  3532.57  8531.03  4641.49    943.0    172.4  8606.27  4671.87  0.97798
 6068666  3523.81  8496.51  4622.78    943.0    173.6  8576.66  4655.26  0.97681
 6075000  3515.12  8462.34  4604.52    943.0    174.4  8546.98  4638.97  0.97585
 6081334  3506.57  8429.03  4587.19    943.0    174.7  8517.71  4623.52  0.97509
 6087666  3498.34  8397.14  4571.42    943.0    174.3  8489.32  4609.36  0.97455
 6094000  3490.57  8367.12  4557.64    943.0    173.1  8462.30  4597.04  0.97429
 6100334  3483.52  8341.61  4546.87    943.0    170.8  8438.51  4587.20  0.97447
 6106666  3477.63  8324.79  4540.28    943.0    166.5  8424.72  4582.06  0.97437
 6113000  3472.43  8310.98  4535.94    943.0    160.9  8415.63  4579.72  0.97383
 6119334  3467.76  8298.84  4533.19    943.0    154.3  8410.08  4579.71  0.97279
 6125666  3463.45  8287.08  4531.43    943.0    146.8  8406.93  4581.43  0.97115
 6132000  3459.36  8274.30  4530.03    943.0    138.9  8405.08  4584.33  0.96884
 6138334  3455.36  8259.26  4528.42    943.0    130.6  8403.39  4587.93  0.96579
 6144666  3451.31  8240.55  4525.95    943.0    122.4  8400.67  4591.60  0.96195
 6151000  3447.05  8218.76  4522.37    943.0    114.3  8395.35  4594.33  0.95786
 6157087  3442.72  8193.44  4517.55    943.0    107.0  8386.54  4595.88  0.95360
 6163174  3438.13  8162.09  4510.83    943.0     99.9  8373.44  4596.22  0.94867
 6169261  3433.14  8129.09  4502.41    943.0     93.4  8358.92  4594.91  0.94345
 6175348  3428.10  8096.86  4494.06    943.0     87.5  8344.01  4593.25  0.93826
 6181435  3422.67  8063.10  4485.59    943.0     81.9  8328.80  4592.00  0.93239
 6187522  3416.87  8025.17  4474.86    943.0     76.8  8312.49  4589.56  0.92526
 6193609  3411.31  7985.39  4464.47    943.0     72.0  8297.57  4588.77  0.91678
 6199696  3406.61  7947.13  4456.09    943.0     67.6  8286.69  4590.89  0.90714
 6205783  3402.82  7912.45  4448.53    943.0     63.4  8279.35  4593.82  0.89703
 6211870  3399.47  7879.64  4442.64    943.0     59.9  8273.61  4598.37  0.88669
 6217957  3396.64  7848.80  4438.74    943.0     56.9  8269.74  4604.88  0.87629
 6224043  3393.26  7816.33  4433.63    943.0     55.0  8261.39  4609.08  0.86668
 6230130  3389.01  7783.81  4426.63    943.0     54.3  8247.04  4609.16  0.85884
 6236217  3384.83  7756.81  4420.79    943.0     55.1  8231.78  4607.96  0.85313
 6242304  3380.83  7736.97  4416.70    943.0     57.6  8215.70  4605.42  0.85020
 6248391  3376.50  7730.58  4415.20    943.0     62.0  8204.89  4602.29  0.85032
 6254478  3371.70  7734.55  4414.45    943.0     68.5  8194.47  4596.07  0.85411
 6260565  3366.64  7744.67  4413.88    943.0     76.9  8181.49  4586.69  0.86108
 6266652  3361.56  7759.68  4414.56    943.0     86.8  8167.93  4576.46  0.87009
 6272739  3357.10  7780.51  4419.90    943.0     94.6  8158.13  4570.17  0.87999
 6278826  3353.21  7802.38  4426.42    943.0    100.2  8150.27  4565.33  0.88960
 6284913  3349.76  7822.61  4433.79    943.0    104.2  8144.79  4562.84  0.89767
 6291000  3346.56  7838.35  4441.65    943.0    107.3  8142.08  4563.56  0.90300
 6294971  3344.51  7845.13  4446.86    943.0    109.0  8141.97  4566.04  0.90447
 6298943  3342.43  7848.58  4452.04    943.0    110.7  8143.07  4570.15  0.90419
 6302914  3340.25  7848.39  4456.97    943.0    112.6  8145.27  4575.83  0.90207
 6306886  3337.84  7844.19  4461.60    943.0    114.8  8148.43  4583.02  0.89800
 6310857  3335.18  7835.62  4465.71    943.0    117.5  8152.50  4591.65  0.89192
 6314829  3332.15  7822.33  4469.11    943.0    120.9  8157.31  4601.63  0.88379
 6318800  3328.69  7803.87  4471.61    943.0    125.1  8162.71  4612.79  0.87350
 6322771  3324.72  7779.91  4472.99    943.0    130.2  8168.51  4624.96  0.86106
 6326743  3320.15  7750.67  4472.95    943.0    136.5  8174.31  4637.66  0.84675
 6330714  3314.92  7716.82  4471.41    943.0    144.1  8179.57  4650.16  0.83102
 6334686  3308.95  7679.01  4468.20    943.0    153.2  8183.79  4661.94  0.81435
 6338657  3302.19  7638.01  4463.33    943.0    164.0  8186.47  4672.43  0.79719
 6341000  3295.10  7611.61  4462.27    943.0    176.5  8186.05  4680.58  0.78700
 6341000  3068.63  7334.79  4195.90  99900.0    300.0  7334.79  4214.42  1.00000
 6342000  3068.23  7333.03  4194.84  99900.0    300.0  7333.03  4213.68  1.00000
 6343000  3065.59  7324.47  4190.30  99900.0    300.0  7324.47  4209.63  1.00000
 6344000  3060.91  7309.60  4182.54  99900.0    300.0  7309.60  4202.45  1.00000
 6345000  3054.42  7288.87  4171.82  99900.0    300.0  7288.87  4192.33  1.00000
 6346000  3046.29  7262.78  4158.41  99900.0    300.0  7262.78  4179.48  1.00000
 6347000  3036.74  7231.81  4142.56  99900.0    300.0  7231.81  4164.12  1.00000
 6348000  3025.95  7196.45  4124.56  99900.0    300.0  7196.45  4146.45  1.00000
 6349000  3014.11  7157.21  4104.65  99900.0    300.0  7157.21  4126.72  1.00000
 6350000  3001.41  7114.60  4083.11  99900.0    300.0  7114.60  4105.15  1.00000
 6351000  2988.02  7069.14  4060.21  99900.0    300.0  7069.14  4082.00  1.00000
 6352000  2974.11  7021.35  4036.21  99900.0    300.0  7021.35  4057.52  1.00000
 6353000  2959.86  6971.76  4011.40  99900.0    300.0  6971.76  4031.97  1.00000
 6354000  2945.44  6920.92  3986.03  99900.0    300.0  6920.92  4005.63  1.00000
 6355000  2931.01  6869.37  3960.39  99900.0    300.0  6869.37  3978.77  1.00000
 6356000  2916.71  6817.67  3934.74  99900.0    300.0  6817.67  3951.68  1.00000
 6357000  2902.71  6766.37  3909.37  99900.0    300.0  6766.37  3924.67  1.00000
 6358000  2889.16  6716.05  3884.55  99900.0    300.0  6716.05  3898.03  1.00000
 6359000  2876.19  6667.29  3860.56  99900.0    300.0  6667.29  3872.08  1.00000
 6360000  2863.95  6620.66  3837.67  99900.0    300.0  6620.66  3847.15  1.00000
 6361000  2852.58  6576.77  3816.18  99900.0    300.0  6576.77  3823.57  1.00000
 6362000  2842.20  6536.20  3796.35  99900.0    300.0  6536.20  3801.67  1.00000
 6363000  2832.94  6499.58  3778.48  99900.0    300.0  6499.58  3781.80  1.00000
 6364000  2824.93  6467.50  3762.84  99900.0    300.0  6467.50  3764.32  1.00000
 6365000  2818.28  6440.59  3749.73  99900.0    300.0  6440.59  3749.60  1.00000
 6366000  2813.10  6419.48  3739.42  99900.0    300.0  6419.48  3738.01  1.00000
 6367000  2809.51  6404.81  3732.21  99900.0    300.0  6404.81  3729.94  1.00000
 6368000  2807.61  6397.21  3728.39  99900.0    300.0  6397.21  3725.77  1.00000
 6368000  1020.00  1450.00     0.00  57822.5      0.0  1450.00     0.00  1.00000
 6368200  1020.00  1450.00     0.00  57822.5      0.0  1450.00     0.00  1.00000
 6368400  1020.00  1450.00     0.00  57822.5      0.0  1450.00     0.00  1.00000
 6368600  1020.00  1450.00     0.00  57822.5      0.0  1450.00     0.00  1.00000
 6368800  1020.00  1450.00     0.00  57822.5      0.0  1450.00     0.00  1.00000
 6369000  1020.00  1450.00     0.00  57822.5      0.0  1450.00     0.00  1.00000
 6369200  1020.00  1450.00     0.00  57822.5      0.0  1450.00     0.00  1.00000
 6369400  1020.00  1450.00     0.00  57822.5      0.0  1450.00     0.00  1.00000
 6369600  1020.00  1450.00     0.00  57822.5      0.0  1450.00     0.00  1.00000
 6369800  1020.00  1450.00     0.00  57822.5      0.0  1450.00     0.00  1.00000
 6370000  1020.00  1450.00     0.00  57822.5      0.0  1450.00     0.00  1.00000
 6370200  1020.00  1450.00     0.00  57822.5      0.0  1450.00     0.00  1.00000
 6370400  1020.00  1450.00     0.00  57822.5      0.0  1450.00     0.00  1.00000
 6370600  1020.00  1450.00     0.00  57822.5      0.0  1450.00     0.00  1.00000
 6370800  1020.00  1450.00     0.00  57822.5      0.0  1450.00     0.00  1.00000
 6371000  1020.00  1450.00     0.00  57822.5      0.0  1450.00     0.00  1.00000
